ID    Type  Lat.      	   Lon.            x                     	y                     profit    vx        vy        k1      k2     k3     Service  Demands
D0    d1    38.7500   121.1333  337785.62      4290688.72     0         0         0         0       0      0      0        0
D1    d1    37.5480   121.3960  358308.31      4156875.48     0         0         0         0       0      0      0        0
D2    d1    37.4520   122.2020  429418.99      4145315.01     0         0         0         0       0      0      0        0

C1    c1    38.3818   121.7357   389573.72      4248934.44     2350000   1.23599   -0.05907  58800   2.34   0.09   1.42     50
C2    c1    38.2854   121.6834   384853.08      4238301.28     4450000   1.30491   -0.07654  113000  2.71   0.12   3.86     96
C3    c1    38.3352   121.6013   377756.11      4243932.81     5050000   -1.06422  1.99311   162000  2.05   0.08   4.01     108
C4    c1    38.3853   122.0205   414453.44      4249020.34     2650000   1.64989   -0.42761  56000   1.82   0.07   1.61     56
C5    c1    38.1857   121.5095   369465.25      4227468.92     4550000   1.38491   0.94417   118000  2.66   0.11   3.12     98
C6    c1    38.2482   121.6598   382729.17      4234203.07     3150000   -0.7001   1.3083    72000   2.12   0.09   2.31     67
C7    c1    38.3085   121.6367   380806.42      4240923.77     3450000   0.72603   -0.02591  88000   2.25   0.10   2.08     74
C8    c1    38.3538   121.9535   408562.08      4245589.24     3650000   0.00844   1.62376   91000   2.42   0.11   2.55     78
C9    c1    38.1580   121.7318   388892.57      4224105.46     1750000   1.36379   -1.42534  31000   1.74   0.06   0.98     36
C10   c1    38.1792   121.6330  380270.98      4226580.88     3050000   -0.47334  0.56661   78000   2.08   0.09   1.87     64
C11   c1    38.1526   121.3211  352898.00      4224078.14     7550000   0.22398   1.03286   230000  2.78   0.14   5.41     132
C12   c1    38.1479   121.8893  402678.22      4222807.75     2750000   1.63115   -1.14361  59000   1.93   0.07   1.53     58
C13   c1    38.1415   121.9871  411240.12      4221999.51     2050000   1.66673   1.07065   42000   1.85   0.06   1.01     35
C14   c1    38.1487   121.8176  396396.64      4222974.19     6250000   -0.09735  0.82021   185000  2.69   0.13   4.78     123
C15   c1    38.2426   121.1297  336328.21      4234386.43     2550000   -1.47557  1.32184   60000   2.02   0.08   1.66     62
C16   c1    38.2600   121.9417  407411.85      4235192.73     2950000   0.07442   1.34889   71000   2.14   0.09   1.49     52
C17   c1    38.2756   121.1773  340566.23      4237965.31     3250000   0.17911   -0.71349  77000   2.28   0.10   2.14     68
C18   c1    38.4229   121.8811  402328.95      4253331.06     3550000   1.50122   -0.21917  86000   2.36   0.11   2.05     72
C19   c1    38.1985   121.6718  383700.13      4228673.05     2850000   -0.55211  0.54696   65000   2.01   0.08   1.62     56
C20   c1    38.3334   121.9955  412207.30      4243284.84     4650000   0.03752   1.54797   135000  2.55   0.12   3.12     92
C21   c1    38.1948   121.8772  401680.99      4228024.56     2750000   1.71144   -0.92885  59000   1.96   0.07   1.41     58
C22   c1    38.1563   122.0127  413500.97      4223617.51     4250000   1.69042   -1.00727  120000  2.47   0.11   2.66     86
C23   c1    38.2346   122.0012  412587.07      4232316.45     2250000   0.07442   1.26771   48000   1.88   0.07   1.03     47
C24   c1    38.2886   122.0316  415310.40      4238280.06     3050000   0.06794   1.41624   118000  2.31   0.10   2.21     83
C25   c1    38.3152   121.5013  368979.83      4241850.57     8050000   -1.38491  1.67242   250000  2.80   0.15   4.11     102
C26   c1    38.3252   121.3913  359382.11      4243121.98     5250000   -1.42891  1.57357   150000  2.63   0.12   2.48     75
C27   c1    38.3052   121.3513  355845.85      4240964.26     5850000   0.17827   -0.72701  170000  2.72   0.13   2.73     85
C28   c1    38.2952   121.2578  347649.18      4240004.57     8250000   0.18476   -0.65966  270000  2.85   0.15   3.94     115
C29   c1    38.1952   121.2278  344813.02      4228957.52     3050000   0.18676   -0.88892  68000   2.10   0.09   1.37     54
C30   c1    38.2821   121.1123  334894.86      4238800.72     3650000   0.17911   -0.71349  90000   2.24   0.10   2.61     93


Q max loading capacity /300.0/
v average Velocity /20000.0/
Tmax /48/
fleet_D0 /2/
fleet_D1 /2/
fleet_D2 /2/